20 100
7 11
14 14
1 14
18 14
11 19
1 13
2 1
12 13
6 16
11 1
7 17
10 7
2 18
10 11
2 9
6 18
17 20
3 10
19 11
2 13
5 7
4 17
7 5
5 6
3 14
19 13
19 12
9 17
14 15
19 16
5 19
13 5
19 20
13 1
12 7
17 3
18 19
14 20
9 8
20 13
19 2
6 9
16 6
9 3
11 4
8 16
8 14
20 16
13 4
17 17
13 6
8 1
9 12
14 9
3 9
12 2
9 10
11 7
12 4
6 13
7 20
1 3
3 13
15 7
1 6
17 11
17 9
11 2
10 17
6 12
20 15
19 4
9 19
3 11
3 19
5 10
3 12
20 12
19 15
13 7
15 16
17 8
16 18
10 8
15 18
9 2
17 16
1 19
14 4
4 8
12 8
13 11
16 2
6 7
4 11
7 1
5 15
8 2
1 2
1 17
